spring.application.name=web-socket-test
server.port=8080

polygon.source=WEB
polygon.lat=41.487758,41.487688,41.487657,41.487728
polygon.lng=-8.341760,-8.341734,-8.341922,-8.341958